#energy[eV]  rel.intensity
5.050000    0.000000E+00
5.150000    0.000000E+00
5.250000    0.000000E+00
5.350000    0.000000E+00
5.450000    0.000000E+00
5.550000    0.000000E+00
5.650000    9.427260E-06
5.750000    1.411616E-05
5.850000    9.427260E-06
5.950000    0.000000E+00
6.050000    0.000000E+00
6.150000    0.000000E+00
6.250000    0.000000E+00
6.350000    0.000000E+00
6.450000    0.000000E+00
6.550000    0.000000E+00
6.650000    0.000000E+00
6.750000    0.000000E+00
6.850000    0.000000E+00
6.950000    0.000000E+00
7.050000    0.000000E+00
7.150000    0.000000E+00
7.250000    0.000000E+00
7.350000    0.000000E+00
7.450000    0.000000E+00
7.550000    0.000000E+00
7.650000    4.619345E-05
7.750000    3.674773E-04
7.850000    1.616411E-03
7.950000    3.931378E-03
8.050000    5.286997E-03
8.150000    3.931378E-03
8.250000    1.616411E-03
8.350000    3.674773E-04
8.450000    4.619365E-05
8.550000    0.000000E+00
8.650000    0.000000E+00
8.750000    0.000000E+00
8.850000    0.000000E+00
8.950000    0.000000E+00
9.050000    0.000000E+00
9.150000    0.000000E+00
9.250000    0.000000E+00
9.350000    0.000000E+00
9.450000    0.000000E+00
9.550000    0.000000E+00
9.650000    0.000000E+00
9.750000    0.000000E+00
9.850000    7.410556E-06
9.950000    1.521537E-05
10.050000    1.933866E-05
10.150000    1.521537E-05
10.250000    7.410556E-06
10.350000    0.000000E+00
10.450000    0.000000E+00
10.550000    0.000000E+00
10.650000    0.000000E+00
10.750000    0.000000E+00
10.850000    0.000000E+00
10.950000    0.000000E+00
11.050000    0.000000E+00
11.150000    0.000000E+00
11.250000    0.000000E+00
11.350000    0.000000E+00
11.450000    0.000000E+00
11.550000    1.612802E-05
11.650000    4.483016E-05
11.750000    8.278732E-05
11.850000    1.015691E-04
11.950000    8.278732E-05
12.050000    4.483016E-05
12.150000    1.612802E-05
12.250000    0.000000E+00
12.350000    0.000000E+00
12.450000    0.000000E+00
12.550000    0.000000E+00
12.650000    0.000000E+00
12.750000    0.000000E+00
12.850000    0.000000E+00
12.950000    0.000000E+00
13.050000    0.000000E+00
13.150000    0.000000E+00
13.250000    6.916884E-06
13.350000    4.772393E-05
13.450000    2.317651E-04
13.550000    7.922203E-04
13.650000    1.906033E-03
13.750000    3.227758E-03
13.850000    3.847315E-03
13.950000    3.227758E-03
14.050000    1.906033E-03
14.150000    7.922203E-04
14.250000    2.317651E-04
14.350000    4.772393E-05
14.450000    6.916885E-06
14.550000    0.000000E+00
14.650000    0.000000E+00
14.750000    0.000000E+00
14.850000    0.000000E+00
14.950000    0.000000E+00
15.050000    0.000000E+00
15.150000    0.000000E+00
15.250000    0.000000E+00
15.350000    4.827419E-06
15.450000    1.795064E-05
15.550000    5.189514E-05
15.650000    1.117874E-04
15.750000    1.777822E-04
15.850000    2.085578E-04
15.950000    1.808047E-04
16.050000    1.163819E-04
16.150000    5.698657E-05
16.250000    2.980441E-05
16.350000    6.734340E-05
16.450000    3.016659E-04
16.550000    1.097736E-03
16.650000    3.006524E-03
16.750000    6.175437E-03
16.850000    9.511125E-03
16.950000    1.098382E-02
17.050000    9.511125E-03
17.150000    6.175434E-03
17.250000    3.006492E-03
17.350000    1.097513E-03
17.450000    3.004114E-04
17.550000    6.165666E-05
17.650000    9.488571E-06
17.750000    0.000000E+00
17.850000    0.000000E+00
17.950000    0.000000E+00
18.050000    0.000000E+00
18.150000    0.000000E+00
18.250000    0.000000E+00
18.350000    0.000000E+00
18.450000    0.000000E+00
18.550000    0.000000E+00
18.650000    0.000000E+00
18.750000    0.000000E+00
18.850000    0.000000E+00
18.950000    0.000000E+00
19.050000    0.000000E+00
19.150000    0.000000E+00
19.250000    0.000000E+00
19.350000    0.000000E+00
19.450000    0.000000E+00
19.550000    0.000000E+00
19.650000    0.000000E+00
19.750000    0.000000E+00
19.850000    0.000000E+00
19.950000    0.000000E+00
20.050000    0.000000E+00
20.150000    4.997818E-06
20.250000    7.405537E-06
20.350000    1.030185E-05
20.450000    2.024990E-05
20.550000    6.419641E-05
20.650000    2.142039E-04
20.750000    6.000836E-04
20.850000    1.346155E-03
20.950000    2.399549E-03
21.050000    3.394684E-03
21.150000    3.810882E-03
21.250000    3.394662E-03
21.350000    2.399444E-03
21.450000    1.345759E-03
21.550000    5.989172E-04
21.650000    2.114994E-04
21.750000    5.926443E-05
21.850000    1.317716E-05
21.950000    0.000000E+00
22.050000    0.000000E+00
22.150000    0.000000E+00
22.250000    0.000000E+00
22.350000    0.000000E+00
22.450000    0.000000E+00
22.550000    0.000000E+00
22.650000    0.000000E+00
22.750000    0.000000E+00
22.850000    0.000000E+00
22.950000    0.000000E+00
23.050000    0.000000E+00
23.150000    0.000000E+00
23.250000    0.000000E+00
23.350000    0.000000E+00
23.450000    0.000000E+00
23.550000    0.000000E+00
23.650000    0.000000E+00
23.750000    0.000000E+00
23.850000    0.000000E+00
23.950000    0.000000E+00
24.050000    0.000000E+00
24.150000    0.000000E+00
24.250000    0.000000E+00
24.350000    0.000000E+00
24.450000    0.000000E+00
24.550000    0.000000E+00
24.650000    0.000000E+00
24.750000    0.000000E+00
24.850000    0.000000E+00
24.950000    0.000000E+00
25.050000    0.000000E+00
25.150000    0.000000E+00
25.250000    0.000000E+00
25.350000    0.000000E+00
25.450000    0.000000E+00
25.550000    4.957617E-06
25.650000    1.999715E-05
25.750000    6.697365E-05
25.850000    1.862432E-04
25.950000    4.300286E-04
26.050000    8.244324E-04
26.150000    1.312361E-03
26.250000    1.734572E-03
26.350000    1.903584E-03
26.450000    1.734572E-03
26.550000    1.312361E-03
26.650000    8.244324E-04
26.750000    4.300286E-04
26.850000    1.862432E-04
26.950000    6.697365E-05
27.050000    1.999718E-05
27.150000    4.957800E-06
27.250000    0.000000E+00
27.350000    0.000000E+00
27.450000    0.000000E+00
27.550000    0.000000E+00
27.650000    0.000000E+00
27.750000    0.000000E+00
27.850000    0.000000E+00
27.950000    0.000000E+00
28.050000    0.000000E+00
28.150000    0.000000E+00
28.250000    0.000000E+00
28.350000    0.000000E+00
28.450000    0.000000E+00
28.550000    0.000000E+00
28.650000    0.000000E+00
28.750000    0.000000E+00
28.850000    0.000000E+00
28.950000    0.000000E+00
29.050000    0.000000E+00
29.150000    0.000000E+00
29.250000    0.000000E+00
29.350000    0.000000E+00
29.450000    0.000000E+00
29.550000    0.000000E+00
29.650000    0.000000E+00
29.750000    0.000000E+00
29.850000    0.000000E+00
29.950000    0.000000E+00
30.050000    0.000000E+00
30.150000    0.000000E+00
30.250000    0.000000E+00
30.350000    0.000000E+00
30.450000    0.000000E+00
30.550000    0.000000E+00
30.650000    0.000000E+00
30.750000    0.000000E+00
30.850000    0.000000E+00
30.950000    0.000000E+00
31.050000    0.000000E+00
31.150000    0.000000E+00
31.250000    4.013684E-06
31.350000    1.467300E-05
31.450000    4.606807E-05
31.550000    1.241771E-04
31.650000    2.873656E-04
31.750000    5.709265E-04
31.850000    9.738242E-04
31.950000    1.426066E-03
32.050000    1.792938E-03
32.150000    1.935405E-03
32.250000    1.793904E-03
32.350000    1.428160E-03
32.450000    9.777207E-04
32.550000    5.784516E-04
32.650000    3.020843E-04
32.750000    1.512304E-04
32.850000    9.052556E-05
32.950000    7.854443E-05
33.050000    8.354377E-05
33.150000    8.650061E-05
33.250000    7.962129E-05
33.350000    6.364680E-05
33.450000    4.394727E-05
33.550000    2.618038E-05
33.650000    1.345226E-05
33.750000    5.961917E-06
33.850000    0.000000E+00
33.950000    0.000000E+00
34.050000    0.000000E+00
34.150000    0.000000E+00
34.250000    0.000000E+00
34.350000    0.000000E+00
34.450000    0.000000E+00
34.550000    0.000000E+00
34.650000    0.000000E+00
34.750000    0.000000E+00
34.850000    0.000000E+00
34.950000    0.000000E+00
35.050000    0.000000E+00
35.150000    0.000000E+00
35.250000    0.000000E+00
35.350000    0.000000E+00
35.450000    0.000000E+00
35.550000    1.376986E-05
35.650000    4.322150E-05
35.750000    1.186161E-04
35.850000    2.845374E-04
35.950000    5.965889E-04
36.050000    1.093327E-03
36.150000    1.751313E-03
36.250000    2.451978E-03
36.350000    3.000600E-03
36.450000    3.209510E-03
36.550000    3.000600E-03
36.650000    2.451978E-03
36.750000    1.751314E-03
36.850000    1.093328E-03
36.950000    5.965902E-04
37.050000    2.845397E-04
37.150000    1.186195E-04
37.250000    4.322518E-05
37.350000    1.377103E-05
37.450000    0.000000E+00
37.550000    0.000000E+00
37.650000    0.000000E+00
37.750000    0.000000E+00
37.850000    0.000000E+00
37.950000    0.000000E+00
38.050000    0.000000E+00
38.150000    0.000000E+00
38.250000    0.000000E+00
38.350000    0.000000E+00
38.450000    0.000000E+00
38.550000    0.000000E+00
38.650000    0.000000E+00
38.750000    0.000000E+00
38.850000    0.000000E+00
38.950000    0.000000E+00
39.050000    0.000000E+00
39.150000    0.000000E+00
39.250000    0.000000E+00
39.350000    0.000000E+00
39.450000    0.000000E+00
39.550000    0.000000E+00
39.650000    0.000000E+00
39.750000    0.000000E+00
39.850000    0.000000E+00
39.950000    0.000000E+00
40.050000    0.000000E+00
40.150000    0.000000E+00
40.250000    0.000000E+00
40.350000    0.000000E+00
40.450000    0.000000E+00
40.550000    0.000000E+00
40.650000    0.000000E+00
40.750000    0.000000E+00
40.850000    0.000000E+00
40.950000    0.000000E+00
41.050000    0.000000E+00
41.150000    0.000000E+00
41.250000    0.000000E+00
41.350000    0.000000E+00
41.450000    0.000000E+00
41.550000    0.000000E+00
41.650000    0.000000E+00
41.750000    0.000000E+00
41.850000    0.000000E+00
41.950000    0.000000E+00
42.050000    0.000000E+00
42.150000    0.000000E+00
42.250000    0.000000E+00
42.350000    0.000000E+00
42.450000    0.000000E+00
42.550000    0.000000E+00
42.650000    4.649678E-06
42.750000    6.387152E-06
42.850000    9.129008E-06
42.950000    1.348464E-05
43.050000    1.978899E-05
43.150000    2.762536E-05
43.250000    3.558885E-05
43.350000    4.160013E-05
43.450000    4.375112E-05
43.550000    4.123546E-05
43.650000    3.476554E-05
43.750000    2.619834E-05
43.850000    1.764073E-05
43.950000    1.061469E-05
44.050000    5.711232E-06
44.150000    0.000000E+00
44.250000    0.000000E+00
44.350000    0.000000E+00
44.450000    0.000000E+00
44.550000    0.000000E+00
44.650000    0.000000E+00
44.750000    0.000000E+00
44.850000    0.000000E+00
44.950000    0.000000E+00
45.050000    0.000000E+00
45.150000    0.000000E+00
45.250000    0.000000E+00
45.350000    0.000000E+00
45.450000    0.000000E+00
45.550000    0.000000E+00
45.650000    0.000000E+00
45.750000    0.000000E+00
45.850000    0.000000E+00
45.950000    0.000000E+00
46.050000    0.000000E+00
46.150000    0.000000E+00
46.250000    0.000000E+00
46.350000    0.000000E+00
46.450000    0.000000E+00
46.550000    0.000000E+00
46.650000    0.000000E+00
46.750000    0.000000E+00
46.850000    0.000000E+00
46.950000    0.000000E+00
47.050000    0.000000E+00
47.150000    0.000000E+00
47.250000    0.000000E+00
47.350000    0.000000E+00
47.450000    0.000000E+00
47.550000    0.000000E+00
47.650000    0.000000E+00
47.750000    0.000000E+00
47.850000    0.000000E+00
47.950000    0.000000E+00
48.050000    0.000000E+00
48.150000    0.000000E+00
48.250000    0.000000E+00
48.350000    0.000000E+00
48.450000    0.000000E+00
48.550000    0.000000E+00
48.650000    0.000000E+00
48.750000    0.000000E+00
48.850000    0.000000E+00
48.950000    0.000000E+00
49.050000    0.000000E+00
49.150000    0.000000E+00
49.250000    0.000000E+00
49.350000    0.000000E+00
49.450000    0.000000E+00
49.550000    0.000000E+00
49.650000    0.000000E+00
49.750000    0.000000E+00
49.850000    0.000000E+00
49.950000    0.000000E+00
50.050000    0.000000E+00
50.150000    0.000000E+00
50.250000    0.000000E+00
50.350000    0.000000E+00
50.450000    0.000000E+00
50.550000    0.000000E+00
50.650000    0.000000E+00
50.750000    0.000000E+00
50.850000    0.000000E+00
50.950000    0.000000E+00
51.050000    0.000000E+00
51.150000    0.000000E+00
51.250000    0.000000E+00
51.350000    0.000000E+00
51.450000    0.000000E+00
51.550000    0.000000E+00
51.650000    0.000000E+00
51.750000    0.000000E+00
51.850000    0.000000E+00
51.950000    0.000000E+00
52.050000    0.000000E+00
52.150000    0.000000E+00
52.250000    0.000000E+00
52.350000    0.000000E+00
52.450000    0.000000E+00
52.550000    0.000000E+00
52.650000    0.000000E+00
52.750000    0.000000E+00
52.850000    0.000000E+00
52.950000    0.000000E+00
53.050000    0.000000E+00
53.150000    0.000000E+00
53.250000    0.000000E+00
53.350000    0.000000E+00
53.450000    0.000000E+00
53.550000    0.000000E+00
53.650000    0.000000E+00
53.750000    0.000000E+00
53.850000    0.000000E+00
53.950000    0.000000E+00
54.050000    0.000000E+00
54.150000    0.000000E+00
54.250000    0.000000E+00
54.350000    0.000000E+00
54.450000    0.000000E+00
54.550000    0.000000E+00
54.650000    0.000000E+00
54.750000    0.000000E+00
54.850000    0.000000E+00
54.950000    0.000000E+00
55.050000    0.000000E+00
55.150000    5.200021E-06
55.250000    7.085653E-06
55.350000    8.838159E-06
55.450000    1.009139E-05
55.550000    1.054745E-05
55.650000    1.009139E-05
55.750000    8.838159E-06
55.850000    7.085653E-06
55.950000    5.200022E-06
56.050000    0.000000E+00
56.150000    0.000000E+00
56.250000    0.000000E+00
56.350000    0.000000E+00
56.450000    0.000000E+00
56.550000    0.000000E+00
56.650000    0.000000E+00
56.750000    0.000000E+00
56.850000    0.000000E+00
56.950000    0.000000E+00
57.050000    0.000000E+00
57.150000    0.000000E+00
57.250000    0.000000E+00
57.350000    0.000000E+00
57.450000    0.000000E+00
57.550000    0.000000E+00
57.650000    0.000000E+00
57.750000    0.000000E+00
57.850000    0.000000E+00
57.950000    0.000000E+00
58.050000    4.363691E-06
58.150000    8.197362E-06
58.250000    2.031383E-05
58.350000    5.377181E-05
58.450000    1.368193E-04
58.550000    3.241005E-04
58.650000    7.088672E-04
58.750000    1.428623E-03
58.850000    2.651689E-03
58.950000    4.532390E-03
59.050000    7.133768E-03
59.150000    1.033939E-02
59.250000    1.379920E-02
59.350000    1.695884E-02
59.450000    1.919206E-02
59.550000    2.000000E-02
59.650000    1.919206E-02
59.750000    1.695884E-02
59.850000    1.379920E-02
59.950000    1.033938E-02
60.050000    7.133762E-03
60.150000    4.532373E-03
60.250000    2.651647E-03
60.350000    1.428528E-03
60.450000    7.086718E-04
60.550000    3.237311E-04
60.650000    1.361780E-04
60.750000    5.274879E-05
60.850000    1.881486E-05
60.950000    6.179775E-06
61.050000    0.000000E+00
61.150000    0.000000E+00
61.250000    0.000000E+00
61.350000    0.000000E+00
61.450000    0.000000E+00
61.550000    0.000000E+00
61.650000    0.000000E+00
61.750000    0.000000E+00
61.850000    0.000000E+00
61.950000    0.000000E+00
62.050000    0.000000E+00
62.150000    0.000000E+00
62.250000    0.000000E+00
62.350000    0.000000E+00
62.450000    0.000000E+00
62.550000    0.000000E+00
62.650000    0.000000E+00
62.750000    0.000000E+00
62.850000    0.000000E+00
62.950000    0.000000E+00
63.050000    0.000000E+00
63.150000    0.000000E+00
63.250000    0.000000E+00
63.350000    0.000000E+00
63.450000    0.000000E+00
63.550000    0.000000E+00
63.650000    0.000000E+00
63.750000    0.000000E+00
63.850000    0.000000E+00
63.950000    0.000000E+00
64.050000    0.000000E+00
64.150000    0.000000E+00
64.250000    0.000000E+00
64.350000    0.000000E+00
64.450000    0.000000E+00
64.550000    0.000000E+00
64.650000    0.000000E+00
64.750000    0.000000E+00
64.850000    0.000000E+00
64.950000    0.000000E+00
65.050000    0.000000E+00
65.150000    0.000000E+00
65.250000    0.000000E+00
65.350000    0.000000E+00
65.450000    0.000000E+00
65.550000    0.000000E+00
65.650000    0.000000E+00
65.750000    0.000000E+00
65.850000    0.000000E+00
65.950000    0.000000E+00
66.050000    0.000000E+00
66.150000    0.000000E+00
66.250000    0.000000E+00
66.350000    0.000000E+00
66.450000    0.000000E+00
66.550000    0.000000E+00
66.650000    0.000000E+00
66.750000    0.000000E+00
66.850000    0.000000E+00
66.950000    0.000000E+00
67.050000    0.000000E+00
67.150000    0.000000E+00
67.250000    0.000000E+00
67.350000    0.000000E+00
67.450000    0.000000E+00
67.550000    0.000000E+00
67.650000    0.000000E+00
67.750000    0.000000E+00
67.850000    0.000000E+00
67.950000    0.000000E+00
68.050000    0.000000E+00
68.150000    0.000000E+00
68.250000    0.000000E+00
68.350000    0.000000E+00
68.450000    0.000000E+00
68.550000    0.000000E+00
68.650000    0.000000E+00
68.750000    0.000000E+00
68.850000    0.000000E+00
68.950000    0.000000E+00
69.050000    0.000000E+00
69.150000    0.000000E+00
69.250000    0.000000E+00
69.350000    0.000000E+00
69.450000    0.000000E+00
69.550000    0.000000E+00
69.650000    0.000000E+00
69.750000    0.000000E+00
69.850000    0.000000E+00
69.950000    0.000000E+00
70.050000    0.000000E+00
70.150000    0.000000E+00
70.250000    0.000000E+00
70.350000    0.000000E+00
70.450000    0.000000E+00
70.550000    0.000000E+00
70.650000    0.000000E+00
70.750000    0.000000E+00
70.850000    0.000000E+00
70.950000    0.000000E+00
71.050000    0.000000E+00
71.150000    0.000000E+00
71.250000    0.000000E+00
71.350000    0.000000E+00
71.450000    0.000000E+00
71.550000    0.000000E+00
71.650000    0.000000E+00
71.750000    0.000000E+00
71.850000    0.000000E+00
71.950000    0.000000E+00
72.050000    0.000000E+00
72.150000    0.000000E+00
72.250000    0.000000E+00
72.350000    0.000000E+00
72.450000    0.000000E+00
72.550000    0.000000E+00
72.650000    0.000000E+00
72.750000    0.000000E+00
72.850000    0.000000E+00
72.950000    0.000000E+00
73.050000    0.000000E+00
73.150000    0.000000E+00
73.250000    0.000000E+00
73.350000    0.000000E+00
73.450000    0.000000E+00
73.550000    0.000000E+00
73.650000    0.000000E+00
73.750000    0.000000E+00
73.850000    0.000000E+00
73.950000    0.000000E+00
74.050000    0.000000E+00
74.150000    0.000000E+00
74.250000    0.000000E+00
74.350000    0.000000E+00
74.450000    0.000000E+00
74.550000    0.000000E+00
74.650000    0.000000E+00
74.750000    0.000000E+00
74.850000    0.000000E+00
74.950000    0.000000E+00
75.050000    0.000000E+00
75.150000    0.000000E+00
75.250000    0.000000E+00
75.350000    0.000000E+00
75.450000    0.000000E+00
75.550000    0.000000E+00
75.650000    0.000000E+00
75.750000    0.000000E+00
75.850000    0.000000E+00
75.950000    0.000000E+00
76.050000    0.000000E+00
76.150000    0.000000E+00
76.250000    0.000000E+00
76.350000    0.000000E+00
76.450000    0.000000E+00
76.550000    0.000000E+00
76.650000    0.000000E+00
76.750000    0.000000E+00
76.850000    0.000000E+00
76.950000    0.000000E+00
77.050000    0.000000E+00
77.150000    0.000000E+00
77.250000    0.000000E+00
77.350000    0.000000E+00
77.450000    0.000000E+00
77.550000    0.000000E+00
77.650000    0.000000E+00
77.750000    0.000000E+00
77.850000    0.000000E+00
77.950000    0.000000E+00
78.050000    0.000000E+00
78.150000    0.000000E+00
78.250000    0.000000E+00
78.350000    0.000000E+00
78.450000    0.000000E+00
78.550000    0.000000E+00
78.650000    0.000000E+00
78.750000    0.000000E+00
78.850000    0.000000E+00
78.950000    0.000000E+00
79.050000    0.000000E+00
79.150000    0.000000E+00
79.250000    0.000000E+00
79.350000    0.000000E+00
79.450000    0.000000E+00
79.550000    0.000000E+00
79.650000    0.000000E+00
79.750000    0.000000E+00
79.850000    0.000000E+00
79.950000    0.000000E+00
80.050000    0.000000E+00
80.150000    0.000000E+00
80.250000    0.000000E+00
80.350000    0.000000E+00
80.450000    0.000000E+00
80.550000    0.000000E+00
80.650000    0.000000E+00
80.750000    0.000000E+00
80.850000    0.000000E+00
80.950000    0.000000E+00
81.050000    0.000000E+00
81.150000    0.000000E+00
81.250000    0.000000E+00
81.350000    0.000000E+00
81.450000    0.000000E+00
81.550000    0.000000E+00
81.650000    0.000000E+00
81.750000    0.000000E+00
81.850000    0.000000E+00
81.950000    0.000000E+00
82.050000    0.000000E+00
82.150000    0.000000E+00
82.250000    0.000000E+00
82.350000    0.000000E+00
82.450000    0.000000E+00
82.550000    0.000000E+00
82.650000    0.000000E+00
82.750000    0.000000E+00
82.850000    0.000000E+00
82.950000    0.000000E+00
83.050000    0.000000E+00
83.150000    0.000000E+00
83.250000    0.000000E+00
83.350000    0.000000E+00
83.450000    0.000000E+00
83.550000    0.000000E+00
83.650000    0.000000E+00
83.750000    0.000000E+00
83.850000    0.000000E+00
83.950000    0.000000E+00
84.050000    0.000000E+00
84.150000    0.000000E+00
84.250000    0.000000E+00
84.350000    0.000000E+00
84.450000    0.000000E+00
84.550000    0.000000E+00
84.650000    0.000000E+00
84.750000    0.000000E+00
84.850000    0.000000E+00
84.950000    0.000000E+00
85.050000    0.000000E+00
85.150000    0.000000E+00
85.250000    0.000000E+00
85.350000    0.000000E+00
85.450000    0.000000E+00
85.550000    0.000000E+00
85.650000    0.000000E+00
85.750000    0.000000E+00
85.850000    0.000000E+00
85.950000    0.000000E+00
86.050000    0.000000E+00
86.150000    0.000000E+00
86.250000    0.000000E+00
86.350000    0.000000E+00
86.450000    0.000000E+00
86.550000    0.000000E+00
86.650000    0.000000E+00
86.750000    0.000000E+00
86.850000    0.000000E+00
86.950000    0.000000E+00
87.050000    0.000000E+00
87.150000    0.000000E+00
87.250000    0.000000E+00
87.350000    0.000000E+00
87.450000    0.000000E+00
87.550000    0.000000E+00
87.650000    0.000000E+00
87.750000    0.000000E+00
87.850000    0.000000E+00
87.950000    0.000000E+00
88.050000    0.000000E+00
88.150000    0.000000E+00
88.250000    0.000000E+00
88.350000    0.000000E+00
88.450000    0.000000E+00
88.550000    0.000000E+00
88.650000    0.000000E+00
88.750000    0.000000E+00
88.850000    0.000000E+00
88.950000    0.000000E+00
89.050000    0.000000E+00
89.150000    0.000000E+00
89.250000    0.000000E+00
89.350000    0.000000E+00
89.450000    0.000000E+00
89.550000    0.000000E+00
89.650000    0.000000E+00
89.750000    0.000000E+00
89.850000    0.000000E+00
89.950000    0.000000E+00
90.050000    0.000000E+00
90.150000    0.000000E+00
90.250000    0.000000E+00
90.350000    0.000000E+00
90.450000    0.000000E+00
90.550000    0.000000E+00
90.650000    0.000000E+00
90.750000    0.000000E+00
90.850000    0.000000E+00
90.950000    0.000000E+00
91.050000    0.000000E+00
91.150000    0.000000E+00
91.250000    0.000000E+00
91.350000    0.000000E+00
91.450000    0.000000E+00
91.550000    0.000000E+00
91.650000    0.000000E+00
91.750000    0.000000E+00
91.850000    0.000000E+00
91.950000    0.000000E+00
92.050000    0.000000E+00
92.150000    0.000000E+00
92.250000    0.000000E+00
92.350000    0.000000E+00
92.450000    0.000000E+00
92.550000    0.000000E+00
92.650000    0.000000E+00
92.750000    0.000000E+00
92.850000    0.000000E+00
92.950000    0.000000E+00
93.050000    0.000000E+00
93.150000    0.000000E+00
93.250000    0.000000E+00
93.350000    0.000000E+00
93.450000    0.000000E+00
93.550000    0.000000E+00
93.650000    0.000000E+00
93.750000    0.000000E+00
93.850000    0.000000E+00
93.950000    0.000000E+00
94.050000    0.000000E+00
94.150000    0.000000E+00
94.250000    0.000000E+00
94.350000    0.000000E+00
94.450000    0.000000E+00
94.550000    0.000000E+00
94.650000    0.000000E+00
94.750000    0.000000E+00
94.850000    0.000000E+00
94.950000    0.000000E+00
95.050000    0.000000E+00
95.150000    0.000000E+00
95.250000    0.000000E+00
95.350000    0.000000E+00
95.450000    0.000000E+00
95.550000    0.000000E+00
95.650000    0.000000E+00
95.750000    0.000000E+00
95.850000    0.000000E+00
95.950000    0.000000E+00
96.050000    0.000000E+00
96.150000    0.000000E+00
96.250000    0.000000E+00
96.350000    0.000000E+00
96.450000    0.000000E+00
96.550000    0.000000E+00
96.650000    0.000000E+00
96.750000    0.000000E+00
96.850000    0.000000E+00
96.950000    0.000000E+00
97.050000    0.000000E+00
97.150000    0.000000E+00
97.250000    0.000000E+00
97.350000    0.000000E+00
97.450000    0.000000E+00
97.550000    0.000000E+00
97.650000    0.000000E+00
97.750000    0.000000E+00
97.850000    0.000000E+00
97.950000    0.000000E+00
98.050000    0.000000E+00
98.150000    0.000000E+00
98.250000    0.000000E+00
98.350000    0.000000E+00
98.450000    0.000000E+00
98.550000    0.000000E+00
98.650000    4.298698E-06
98.750000    4.866469E-06
98.850000    5.242601E-06
98.950000    5.374324E-06
99.050000    5.242527E-06
99.150000    4.866261E-06
99.250000    4.298211E-06
99.350000    0.000000E+00
99.450000    0.000000E+00
99.550000    0.000000E+00
99.650000    0.000000E+00
99.750000    0.000000E+00
99.850000    0.000000E+00
99.950000    0.000000E+00
