 density = 5.8 #in g/cm^3
#http://physcs.nist.gov/PhysRefData/Xcom/html/xcom1-t.html
#Z=30	: 0.050000
#Z=48	: 0.450000
#Z=52	: 0.500000
# PHOTON       SCATTERING         PHOTO-    PAIR PRODUCTION    TOTAL ATTENUATION
# ENERGY    COHERENT INCOHER.    ELECTRIC    IN        IN       WITH     WITHOUT
#                               ABSORPTION NUCLEAR  ELECTRON  COHERENT  COHERENT
#                                           FIELD     FIELD    SCATT.    SCATT.
#   (MeV)    (cm2/g)   (cm2/g)   (cm2/g)   (cm2/g)   (cm2/g)   (cm2/g)   (cm2/g)
#
 1.000E-03 7.810E+00 5.121E-03 7.595E+03 0.000E+00 0.000E+00 7.603E+03 7.595E+03
 1.003E-03 7.808E+00 5.145E-03 7.546E+03 0.000E+00 0.000E+00 7.553E+03 7.546E+03
 1.006E-03 7.805E+00 5.170E-03 7.497E+03 0.000E+00 0.000E+00 7.505E+03 7.497E+03
#52 M1 
 1.006E-03 7.805E+00 5.170E-03 7.674E+03 0.000E+00 0.000E+00 7.682E+03 7.674E+03
 1.013E-03 7.800E+00 5.225E-03 7.559E+03 0.000E+00 0.000E+00 7.567E+03 7.559E+03
 1.020E-03 7.795E+00 5.281E-03 7.446E+03 0.000E+00 0.000E+00 7.454E+03 7.446E+03
#30 L3 
 1.020E-03 7.795E+00 5.281E-03 7.548E+03 0.000E+00 0.000E+00 7.556E+03 7.548E+03
 1.031E-03 7.785E+00 5.375E-03 7.429E+03 0.000E+00 0.000E+00 7.437E+03 7.429E+03
 1.043E-03 7.776E+00 5.471E-03 7.337E+03 0.000E+00 0.000E+00 7.345E+03 7.337E+03
#30 L2 
 1.043E-03 7.776E+00 5.471E-03 7.424E+03 0.000E+00 0.000E+00 7.432E+03 7.424E+03
 1.116E-03 7.719E+00 6.080E-03 6.421E+03 0.000E+00 0.000E+00 6.428E+03 6.421E+03
 1.194E-03 7.657E+00 6.746E-03 5.556E+03 0.000E+00 0.000E+00 5.564E+03 5.556E+03
#30 L1 
 1.194E-03 7.657E+00 6.746E-03 5.607E+03 0.000E+00 0.000E+00 5.615E+03 5.607E+03
 1.500E-03 7.399E+00 9.429E-03 3.357E+03 0.000E+00 0.000E+00 3.364E+03 3.357E+03
 2.000E-03 6.943E+00 1.371E-02 1.691E+03 0.000E+00 0.000E+00 1.698E+03 1.691E+03
 3.000E-03 6.051E+00 2.175E-02 6.187E+02 0.000E+00 0.000E+00 6.248E+02 6.187E+02
 3.537E-03 5.612E+00 2.575E-02 4.064E+02 0.000E+00 0.000E+00 4.121E+02 4.064E+02
#48 L3 
 3.537E-03 5.612E+00 2.575E-02 7.640E+02 0.000E+00 0.000E+00 7.696E+02 7.640E+02
 3.631E-03 5.540E+00 2.642E-02 7.159E+02 0.000E+00 0.000E+00 7.215E+02 7.159E+02
 3.727E-03 5.466E+00 2.710E-02 6.706E+02 0.000E+00 0.000E+00 6.761E+02 6.706E+02
#48 L2 
 3.727E-03 5.466E+00 2.710E-02 8.398E+02 0.000E+00 0.000E+00 8.453E+02 8.399E+02
 4.000E-03 5.261E+00 2.899E-02 7.051E+02 0.000E+00 0.000E+00 7.104E+02 7.052E+02
 4.018E-03 5.247E+00 2.912E-02 6.973E+02 0.000E+00 0.000E+00 7.025E+02 6.973E+02
#48 L1 
 4.018E-03 5.247E+00 2.912E-02 7.737E+02 0.000E+00 0.000E+00 7.790E+02 7.737E+02
 4.177E-03 5.132E+00 3.018E-02 7.017E+02 0.000E+00 0.000E+00 7.068E+02 7.017E+02
 4.341E-03 5.017E+00 3.127E-02 6.363E+02 0.000E+00 0.000E+00 6.414E+02 6.364E+02
#52 L3 
 4.341E-03 5.017E+00 3.127E-02 8.965E+02 0.000E+00 0.000E+00 9.016E+02 8.965E+02
 4.475E-03 4.927E+00 3.214E-02 8.369E+02 0.000E+00 0.000E+00 8.418E+02 8.369E+02
 4.612E-03 4.836E+00 3.303E-02 7.812E+02 0.000E+00 0.000E+00 7.861E+02 7.813E+02
#52 L2 
 4.612E-03 4.836E+00 3.303E-02 9.037E+02 0.000E+00 0.000E+00 9.086E+02 9.037E+02
 4.773E-03 4.731E+00 3.406E-02 8.320E+02 0.000E+00 0.000E+00 8.367E+02 8.320E+02
 4.939E-03 4.625E+00 3.510E-02 7.660E+02 0.000E+00 0.000E+00 7.706E+02 7.660E+02
#52 L1 
 4.939E-03 4.625E+00 3.510E-02 8.275E+02 0.000E+00 0.000E+00 8.322E+02 8.276E+02
 5.000E-03 4.587E+00 3.548E-02 8.026E+02 0.000E+00 0.000E+00 8.072E+02 8.026E+02
 6.000E-03 4.023E+00 4.138E-02 5.041E+02 0.000E+00 0.000E+00 5.081E+02 5.041E+02
 8.000E-03 3.164E+00 5.190E-02 2.362E+02 0.000E+00 0.000E+00 2.394E+02 2.363E+02
 9.659E-03 2.656E+00 5.946E-02 1.427E+02 0.000E+00 0.000E+00 1.454E+02 1.427E+02
#30 K 
 9.659E-03 2.656E+00 5.946E-02 1.536E+02 0.000E+00 0.000E+00 1.563E+02 1.537E+02
 1.000E-02 2.569E+00 6.089E-02 1.401E+02 0.000E+00 0.000E+00 1.427E+02 1.401E+02
 1.500E-02 1.686E+00 7.748E-02 4.648E+01 0.000E+00 0.000E+00 4.825E+01 4.656E+01
 2.000E-02 1.185E+00 8.824E-02 2.093E+01 0.000E+00 0.000E+00 2.221E+01 2.102E+01
 2.671E-02 7.917E-01 9.775E-02 9.276E+00 0.000E+00 0.000E+00 1.017E+01 9.373E+00
#48 K 
 2.671E-02 7.917E-01 9.775E-02 2.810E+01 0.000E+00 0.000E+00 2.899E+01 2.820E+01
 3.000E-02 6.689E-01 1.010E-01 2.071E+01 0.000E+00 0.000E+00 2.148E+01 2.082E+01
 3.181E-02 6.139E-01 1.025E-01 1.773E+01 0.000E+00 0.000E+00 1.845E+01 1.783E+01
#52 K 
 3.181E-02 6.139E-01 1.025E-01 3.296E+01 0.000E+00 0.000E+00 3.368E+01 3.306E+01
 4.000E-02 4.361E-01 1.077E-01 1.805E+01 0.000E+00 0.000E+00 1.859E+01 1.816E+01
 5.000E-02 3.088E-01 1.111E-01 9.850E+00 0.000E+00 0.000E+00 1.027E+01 9.961E+00
 6.000E-02 2.296E-01 1.128E-01 5.956E+00 0.000E+00 0.000E+00 6.298E+00 6.068E+00
 8.000E-02 1.407E-01 1.129E-01 2.654E+00 0.000E+00 0.000E+00 2.907E+00 2.767E+00
 1.000E-01 9.524E-02 1.111E-01 1.405E+00 0.000E+00 0.000E+00 1.611E+00 1.516E+00
 1.500E-01 4.624E-02 1.045E-01 4.374E-01 0.000E+00 0.000E+00 5.881E-01 5.419E-01
 2.000E-01 2.729E-02 9.778E-02 1.912E-01 0.000E+00 0.000E+00 3.163E-01 2.890E-01
 3.000E-01 1.269E-02 8.676E-02 6.088E-02 0.000E+00 0.000E+00 1.603E-01 1.476E-01
 4.000E-01 7.302E-03 7.848E-02 2.795E-02 0.000E+00 0.000E+00 1.137E-01 1.064E-01
 5.000E-01 4.732E-03 7.204E-02 1.572E-02 0.000E+00 0.000E+00 9.249E-02 8.776E-02
 6.000E-01 3.315E-03 6.688E-02 1.005E-02 0.000E+00 0.000E+00 8.025E-02 7.693E-02
 8.000E-01 1.883E-03 5.896E-02 5.194E-03 0.000E+00 0.000E+00 6.603E-02 6.415E-02
 1.000E+00 1.211E-03 5.308E-02 3.243E-03 0.000E+00 0.000E+00 5.753E-02 5.632E-02
 1.022E+00 1.160E-03 5.254E-02 3.086E-03 0.000E+00 0.000E+00 5.679E-02 5.563E-02
 1.250E+00 7.777E-04 4.753E-02 2.082E-03 1.664E-04 0.000E+00 5.055E-02 4.978E-02
 1.500E+00 5.409E-04 4.323E-02 1.491E-03 7.750E-04 0.000E+00 4.604E-02 4.549E-02
 2.000E+00 3.049E-04 3.692E-02 9.082E-04 2.655E-03 0.000E+00 4.079E-02 4.048E-02
 2.044E+00 2.920E-04 3.647E-02 8.763E-04 2.839E-03 0.000E+00 4.047E-02 4.018E-02
 3.000E+00 1.357E-04 2.906E-02 4.825E-04 6.796E-03 1.017E-05 3.649E-02 3.635E-02
 4.000E+00 7.639E-05 2.425E-02 3.201E-04 1.048E-02 4.147E-05 3.517E-02 3.509E-02
 5.000E+00 4.891E-05 2.095E-02 2.369E-04 1.367E-02 8.254E-05 3.498E-02 3.494E-02
 6.000E+00 3.396E-05 1.851E-02 1.871E-04 1.642E-02 1.267E-04 3.528E-02 3.525E-02
 7.000E+00 2.495E-05 1.664E-02 1.542E-04 1.887E-02 1.706E-04 3.587E-02 3.584E-02
 8.000E+00 1.911E-05 1.515E-02 1.309E-04 2.108E-02 2.131E-04 3.659E-02 3.657E-02
 9.000E+00 1.510E-05 1.393E-02 1.136E-04 2.308E-02 2.538E-04 3.739E-02 3.738E-02
 1.000E+01 1.223E-05 1.290E-02 1.003E-04 2.492E-02 2.924E-04 3.823E-02 3.822E-02
 1.100E+01 1.011E-05 1.203E-02 8.968E-05 2.661E-02 3.290E-04 3.907E-02 3.906E-02
 1.200E+01 8.493E-06 1.129E-02 8.110E-05 2.817E-02 3.634E-04 3.991E-02 3.990E-02
 1.300E+01 7.237E-06 1.063E-02 7.398E-05 2.962E-02 3.959E-04 4.073E-02 4.072E-02
 1.400E+01 6.240E-06 1.006E-02 6.805E-05 3.095E-02 4.268E-04 4.151E-02 4.150E-02
 1.500E+01 5.436E-06 9.550E-03 6.293E-05 3.218E-02 4.560E-04 4.226E-02 4.225E-02
 1.600E+01 4.778E-06 9.096E-03 5.855E-05 3.333E-02 4.838E-04 4.297E-02 4.297E-02
 1.800E+01 3.775E-06 8.311E-03 5.138E-05 3.543E-02 5.353E-04 4.433E-02 4.433E-02
 2.000E+01 3.057E-06 7.666E-03 4.577E-05 3.731E-02 5.820E-04 4.561E-02 4.561E-02
 2.200E+01 2.527E-06 7.121E-03 4.126E-05 3.902E-02 6.249E-04 4.681E-02 4.680E-02
 2.400E+01 2.123E-06 6.652E-03 3.754E-05 4.057E-02 6.641E-04 4.792E-02 4.792E-02
 2.600E+01 1.809E-06 6.248E-03 3.444E-05 4.198E-02 7.005E-04 4.897E-02 4.896E-02
 2.800E+01 1.560E-06 5.892E-03 3.181E-05 4.327E-02 7.341E-04 4.993E-02 4.993E-02
 3.000E+01 1.359E-06 5.580E-03 2.955E-05 4.446E-02 7.652E-04 5.084E-02 5.084E-02
 4.000E+01 7.644E-07 4.434E-03 2.181E-05 4.932E-02 8.949E-04 5.467E-02 5.467E-02
 5.000E+01 4.892E-07 3.702E-03 1.727E-05 5.291E-02 9.935E-04 5.762E-02 5.762E-02
 6.000E+01 3.397E-07 3.189E-03 1.430E-05 5.569E-02 1.071E-03 5.996E-02 5.996E-02
 8.000E+01 1.911E-07 2.515E-03 1.064E-05 5.984E-02 1.189E-03 6.356E-02 6.356E-02
 1.000E+02 1.223E-07 2.088E-03 8.466E-06 6.276E-02 1.274E-03 6.613E-02 6.613E-02
 1.500E+02 5.436E-08 1.487E-03 5.606E-06 6.741E-02 1.416E-03 7.032E-02 7.032E-02
 2.000E+02 3.057E-08 1.166E-03 4.190E-06 7.023E-02 1.504E-03 7.291E-02 7.291E-02
 3.000E+02 1.359E-08 8.261E-04 2.784E-06 7.345E-02 1.613E-03 7.589E-02 7.589E-02
 4.000E+02 7.644E-09 6.470E-04 2.085E-06 7.533E-02 1.678E-03 7.766E-02 7.766E-02
 5.000E+02 4.892E-09 5.355E-04 1.666E-06 7.657E-02 1.722E-03 7.883E-02 7.883E-02
 6.000E+02 3.397E-09 4.586E-04 1.387E-06 7.746E-02 1.755E-03 7.967E-02 7.967E-02
 8.000E+02 1.911E-09 3.582E-04 1.039E-06 7.862E-02 1.800E-03 8.078E-02 8.078E-02
 1.000E+03 1.223E-09 2.947E-04 8.312E-07 7.939E-02 1.830E-03 8.151E-02 8.151E-02
 1.500E+03 5.436E-10 2.058E-04 5.537E-07 8.045E-02 1.874E-03 8.254E-02 8.254E-02
 2.000E+03 3.057E-10 1.593E-04 4.152E-07 8.107E-02 1.899E-03 8.313E-02 8.313E-02
 3.000E+03 1.359E-10 1.107E-04 2.767E-07 8.172E-02 1.927E-03 8.375E-02 8.375E-02
 4.000E+03 7.644E-11 8.549E-05 2.075E-07 8.206E-02 1.943E-03 8.409E-02 8.409E-02
 5.000E+03 4.892E-11 6.990E-05 1.660E-07 8.228E-02 1.953E-03 8.431E-02 8.431E-02
 6.000E+03 3.397E-11 5.928E-05 1.383E-07 8.243E-02 1.960E-03 8.445E-02 8.445E-02
 8.000E+03 1.911E-11 4.566E-05 1.037E-07 8.263E-02 1.969E-03 8.465E-02 8.465E-02
 1.000E+04 1.223E-11 3.728E-05 8.298E-08 8.275E-02 1.975E-03 8.477E-02 8.477E-02
 1.500E+04 5.436E-12 2.577E-05 5.532E-08 8.293E-02 1.983E-03 8.494E-02 8.494E-02
 2.000E+04 3.057E-12 1.981E-05 4.148E-08 8.303E-02 1.987E-03 8.503E-02 8.503E-02
 3.000E+04 1.359E-12 1.366E-05 2.765E-08 8.313E-02 1.992E-03 8.513E-02 8.513E-02
 4.000E+04 7.644E-13 1.049E-05 2.074E-08 8.318E-02 1.995E-03 8.518E-02 8.518E-02
 5.000E+04 4.892E-13 8.541E-06 1.659E-08 8.320E-02 1.996E-03 8.521E-02 8.521E-02
 6.000E+04 3.397E-13 7.219E-06 1.383E-08 8.323E-02 1.997E-03 8.523E-02 8.523E-02
 8.000E+04 1.911E-13 5.534E-06 1.037E-08 8.325E-02 1.998E-03 8.525E-02 8.525E-02
 1.000E+05 1.223E-13 4.503E-06 8.298E-09 8.327E-02 1.999E-03 8.528E-02 8.528E-02
